              precision    recall  f1-score   support

           0       0.27      0.18      0.22      1000
           1       0.35      0.43      0.38      1000
           2       0.20      0.00      0.00      1000
           3       0.16      0.49      0.25      1000
           4       0.18      0.58      0.28      1000
           5       0.49      0.16      0.24      1000
           6       0.47      0.01      0.01      1000
           7       0.40      0.02      0.03      1000
           8       0.44      0.24      0.31      1000
           9       0.32      0.33      0.33      1000

    accuracy                           0.24     10000
   macro avg       0.33      0.24      0.21     10000
weighted avg       0.33      0.24      0.21     10000
