              precision    recall  f1-score   support

           0       0.27      0.06      0.10      1000
           1       0.35      0.36      0.35      1000
           2       0.31      0.01      0.02      1000
           3       0.22      0.09      0.12      1000
           4       0.00      0.00      0.00      1000
           5       0.32      0.42      0.36      1000
           6       0.26      0.26      0.26      1000
           7       0.23      0.42      0.30      1000
           8       0.20      0.71      0.31      1000
           9       0.37      0.21      0.27      1000

    accuracy                           0.25     10000
   macro avg       0.25      0.25      0.21     10000
weighted avg       0.25      0.25      0.21     10000
