              precision    recall  f1-score   support

           0       0.95      0.98      0.96       980
           1       0.96      0.98      0.97      1135
           2       0.93      0.90      0.91      1032
           3       0.90      0.91      0.90      1010
           4       0.94      0.93      0.93       982
           5       0.90      0.87      0.89       892
           6       0.94      0.95      0.94       958
           7       0.94      0.92      0.93      1028
           8       0.88      0.88      0.88       974
           9       0.92      0.92      0.92      1009

    accuracy                           0.93     10000
   macro avg       0.92      0.92      0.92     10000
weighted avg       0.93      0.93      0.93     10000
