              precision    recall  f1-score   support

           0       0.02      0.03      0.02       980
           1       0.01      0.02      0.01      1135
           2       0.14      0.05      0.07      1032
           3       0.14      0.19      0.16      1010
           4       0.01      0.00      0.00       982
           5       0.14      0.06      0.09       892
           6       0.01      0.01      0.01       958
           7       0.04      0.06      0.05      1028
           8       0.01      0.00      0.00       974
           9       0.07      0.01      0.02      1009

    accuracy                           0.04     10000
   macro avg       0.06      0.04      0.04     10000
weighted avg       0.06      0.04      0.04     10000
