              precision    recall  f1-score   support

           0       0.43      0.48      0.45      1000
           1       0.47      0.49      0.48      1000
           2       0.32      0.28      0.30      1000
           3       0.31      0.23      0.27      1000
           4       0.36      0.29      0.32      1000
           5       0.33      0.37      0.35      1000
           6       0.42      0.49      0.45      1000
           7       0.46      0.44      0.45      1000
           8       0.47      0.52      0.49      1000
           9       0.43      0.46      0.44      1000

    accuracy                           0.41     10000
   macro avg       0.40      0.41      0.40     10000
weighted avg       0.40      0.41      0.40     10000
