              precision    recall  f1-score   support

           0       0.03      0.02      0.02      1000
           1       0.29      0.00      0.00      1000
           2       0.00      0.00      0.00      1000
           3       0.50      0.00      0.00      1000
           4       0.18      0.11      0.14      1000
           5       0.00      0.00      0.00      1000
           6       0.08      0.63      0.14      1000
           7       0.14      0.00      0.00      1000
           8       0.00      0.00      0.00      1000
           9       0.03      0.01      0.02      1000

    accuracy                           0.08     10000
   macro avg       0.12      0.08      0.03     10000
weighted avg       0.12      0.08      0.03     10000
